proj:       99
zone:       0
north:      5960865.21379118
south:      4172850.24814434
east:       2130452.85236443
west:       733795.47153769
cols:       1139
rows:       1458
e-w resol:  1226.21367939
n-s resol:  1226.34771306
format:     3
compressed: 5
