proj:       99
zone:       0
north:      5960865.21379118
south:      4172850.24814434
east:       2130452.85236443
west:       733795.47153769
cols:       11133
rows:       14253
e-w resol:  125.45202379
n-s resol:  125.44832426
format:     1
compressed: 5
