proj:       99
zone:       0
north:      5960865.21379118
south:      4172850.24814434
east:       2130452.85236443
west:       733795.47153769
cols:       1305
rows:       1670
e-w resol:  1070.23554086
n-s resol:  1070.6676441
format:     -1
compressed: 5
